Hauteur=100.000000, Largeur=200.000000, Population=100, Prop initiale=0.500000, Periode=150

Heure=150: Sains=98, Malades=2, Morts=0, Moy deplacement=0.643, Moy infection=0.008, Moy mort=0.041, Prop confinement=0.300

Heure=300: Sains=82, Malades=18, Morts=0, Moy deplacement=0.615, Moy infection=0.072, Moy mort=0.041, Prop confinement=0.300

Heure=450: Sains=19, Malades=81, Morts=0, Moy deplacement=0.608, Moy infection=0.322, Moy mort=0.041, Prop confinement=0.300

Heure=600: Sains=2, Malades=96, Morts=2, Moy deplacement=0.609, Moy infection=0.384, Moy mort=0.032, Prop confinement=0.300

Heure=750: Sains=21, Malades=75, Morts=4, Moy deplacement=0.607, Moy infection=0.250, Moy mort=0.030, Prop confinement=0.300

Heure=900: Sains=29, Malades=67, Morts=4, Moy deplacement=0.558, Moy infection=0.142, Moy mort=0.030, Prop confinement=0.300

Heure=1050: Sains=16, Malades=80, Morts=4, Moy deplacement=0.616, Moy infection=0.163, Moy mort=0.030, Prop confinement=0.300

Heure=1200: Sains=19, Malades=76, Morts=5, Moy deplacement=0.651, Moy infection=0.136, Moy mort=0.029, Prop confinement=0.300

Heure=1350: Sains=27, Malades=67, Morts=6, Moy deplacement=0.642, Moy infection=0.102, Moy mort=0.028, Prop confinement=0.300

Heure=1500: Sains=25, Malades=69, Morts=6, Moy deplacement=0.684, Moy infection=0.098, Moy mort=0.028, Prop confinement=0.300

Heure=1650: Sains=32, Malades=62, Morts=6, Moy deplacement=0.652, Moy infection=0.079, Moy mort=0.028, Prop confinement=0.300

Heure=1800: Sains=32, Malades=62, Morts=6, Moy deplacement=0.668, Moy infection=0.073, Moy mort=0.028, Prop confinement=0.300

Heure=1950: Sains=38, Malades=55, Morts=7, Moy deplacement=0.640, Moy infection=0.060, Moy mort=0.029, Prop confinement=0.300

Heure=2100: Sains=46, Malades=46, Morts=8, Moy deplacement=0.602, Moy infection=0.048, Moy mort=0.029, Prop confinement=0.300

Heure=2250: Sains=45, Malades=47, Morts=8, Moy deplacement=0.596, Moy infection=0.047, Moy mort=0.029, Prop confinement=0.300

Heure=2400: Sains=39, Malades=52, Morts=9, Moy deplacement=0.626, Moy infection=0.049, Moy mort=0.029, Prop confinement=0.300

Heure=2550: Sains=33, Malades=58, Morts=9, Moy deplacement=0.648, Moy infection=0.053, Moy mort=0.029, Prop confinement=0.300

Heure=2700: Sains=43, Malades=48, Morts=9, Moy deplacement=0.653, Moy infection=0.042, Moy mort=0.029, Prop confinement=0.300

Heure=2850: Sains=39, Malades=52, Morts=9, Moy deplacement=0.571, Moy infection=0.043, Moy mort=0.029, Prop confinement=0.300

Heure=3000: Sains=38, Malades=53, Morts=9, Moy deplacement=0.565, Moy infection=0.042, Moy mort=0.029, Prop confinement=0.300

Heure=3150: Sains=46, Malades=45, Morts=9, Moy deplacement=0.581, Moy infection=0.035, Moy mort=0.029, Prop confinement=0.300

Heure=3300: Sains=53, Malades=38, Morts=9, Moy deplacement=0.635, Moy infection=0.028, Moy mort=0.029, Prop confinement=0.300

Heure=3450: Sains=60, Malades=31, Morts=9, Moy deplacement=0.698, Moy infection=0.022, Moy mort=0.029, Prop confinement=0.300

Heure=3600: Sains=55, Malades=35, Morts=10, Moy deplacement=0.669, Moy infection=0.024, Moy mort=0.021, Prop confinement=0.300

Heure=3750: Sains=48, Malades=42, Morts=10, Moy deplacement=0.645, Moy infection=0.029, Moy mort=0.021, Prop confinement=0.300

Heure=3900: Sains=44, Malades=46, Morts=10, Moy deplacement=0.672, Moy infection=0.031, Moy mort=0.021, Prop confinement=0.300

Heure=4050: Sains=53, Malades=37, Morts=10, Moy deplacement=0.683, Moy infection=0.024, Moy mort=0.021, Prop confinement=0.300

Heure=4200: Sains=62, Malades=28, Morts=10, Moy deplacement=0.649, Moy infection=0.019, Moy mort=0.021, Prop confinement=0.300

Heure=4350: Sains=68, Malades=19, Morts=13, Moy deplacement=0.670, Moy infection=0.013, Moy mort=0.018, Prop confinement=0.300

Heure=4500: Sains=68, Malades=19, Morts=13, Moy deplacement=0.634, Moy infection=0.012, Moy mort=0.018, Prop confinement=0.300

Heure=4650: Sains=66, Malades=21, Morts=13, Moy deplacement=0.652, Moy infection=0.012, Moy mort=0.018, Prop confinement=0.300

Heure=4800: Sains=59, Malades=28, Morts=13, Moy deplacement=0.639, Moy infection=0.017, Moy mort=0.018, Prop confinement=0.300

Heure=4950: Sains=61, Malades=25, Morts=14, Moy deplacement=0.674, Moy infection=0.016, Moy mort=0.018, Prop confinement=0.300

Heure=5100: Sains=66, Malades=20, Morts=14, Moy deplacement=0.714, Moy infection=0.012, Moy mort=0.018, Prop confinement=0.300

Heure=5250: Sains=62, Malades=23, Morts=15, Moy deplacement=0.655, Moy infection=0.015, Moy mort=0.017, Prop confinement=0.300

Heure=5400: Sains=59, Malades=25, Morts=16, Moy deplacement=0.684, Moy infection=0.016, Moy mort=0.018, Prop confinement=0.300

Heure=5550: Sains=63, Malades=21, Morts=16, Moy deplacement=0.607, Moy infection=0.012, Moy mort=0.018, Prop confinement=0.300

Heure=5700: Sains=71, Malades=13, Morts=16, Moy deplacement=0.668, Moy infection=0.008, Moy mort=0.018, Prop confinement=0.300

Heure=5850: Sains=68, Malades=16, Morts=16, Moy deplacement=0.687, Moy infection=0.009, Moy mort=0.018, Prop confinement=0.300

Heure=6000: Sains=66, Malades=18, Morts=16, Moy deplacement=0.619, Moy infection=0.010, Moy mort=0.018, Prop confinement=0.300

Heure=6150: Sains=65, Malades=19, Morts=16, Moy deplacement=0.623, Moy infection=0.011, Moy mort=0.018, Prop confinement=0.300

Heure=6300: Sains=65, Malades=19, Morts=16, Moy deplacement=0.637, Moy infection=0.011, Moy mort=0.018, Prop confinement=0.300

Heure=6450: Sains=68, Malades=15, Morts=17, Moy deplacement=0.617, Moy infection=0.009, Moy mort=0.016, Prop confinement=0.300

Heure=6600: Sains=71, Malades=11, Morts=18, Moy deplacement=0.611, Moy infection=0.006, Moy mort=0.015, Prop confinement=0.300

Heure=6750: Sains=71, Malades=11, Morts=18, Moy deplacement=0.621, Moy infection=0.006, Moy mort=0.015, Prop confinement=0.300

Heure=6900: Sains=73, Malades=9, Morts=18, Moy deplacement=0.644, Moy infection=0.005, Moy mort=0.015, Prop confinement=0.300

Heure=7050: Sains=71, Malades=11, Morts=18, Moy deplacement=0.628, Moy infection=0.006, Moy mort=0.015, Prop confinement=0.300

Heure=7200: Sains=76, Malades=6, Morts=18, Moy deplacement=0.584, Moy infection=0.003, Moy mort=0.015, Prop confinement=0.300

Heure=7350: Sains=77, Malades=5, Morts=18, Moy deplacement=0.602, Moy infection=0.003, Moy mort=0.015, Prop confinement=0.300

Heure=7500: Sains=80, Malades=2, Morts=18, Moy deplacement=0.634, Moy infection=0.002, Moy mort=0.015, Prop confinement=0.300

Heure=7650: Sains=81, Malades=1, Morts=18, Moy deplacement=0.554, Moy infection=0.001, Moy mort=0.015, Prop confinement=0.300

Heure=7800: Sains=80, Malades=2, Morts=18, Moy deplacement=0.613, Moy infection=0.001, Moy mort=0.015, Prop confinement=0.300

Heure=7950: Sains=80, Malades=2, Morts=18, Moy deplacement=0.697, Moy infection=0.001, Moy mort=0.015, Prop confinement=0.300

Heure=8100: Sains=81, Malades=1, Morts=18, Moy deplacement=0.605, Moy infection=0.000, Moy mort=0.015, Prop confinement=0.300

Heure=8250: Sains=81, Malades=1, Morts=18, Moy deplacement=0.674, Moy infection=0.000, Moy mort=0.015, Prop confinement=0.300

Simulation terminee apres 8301 heures.
Statistiques finales :
  Total infections : 766
  Max infections/heure : 3
  Min infections/heure : 0
  Moyenne infections/heure : 0.09
  Total morts : 18
  Max morts/heure : 0
  Min morts/heure : 0
  Moyenne morts/heure : 0.0021684134
