Hauteur=100.000000, Largeur=200.000000, Population=100, Prop initiale=0.500000, Periode=150

Heure=150: Sains=93, Malades=7, Morts=0, Moy deplacement=0.593, Moy infection=0.031, Moy mort=0.044, Prop confinement=0.300

Heure=300: Sains=49, Malades=51, Morts=0, Moy deplacement=0.679, Moy infection=0.227, Moy mort=0.044, Prop confinement=0.300

Heure=450: Sains=2, Malades=98, Morts=0, Moy deplacement=0.651, Moy infection=0.431, Moy mort=0.044, Prop confinement=0.300

Heure=600: Sains=6, Malades=92, Morts=2, Moy deplacement=0.693, Moy infection=0.370, Moy mort=0.030, Prop confinement=0.300

Heure=750: Sains=24, Malades=72, Morts=4, Moy deplacement=0.654, Moy infection=0.185, Moy mort=0.028, Prop confinement=0.300

Heure=900: Sains=12, Malades=84, Morts=4, Moy deplacement=0.640, Moy infection=0.192, Moy mort=0.028, Prop confinement=0.300

Heure=1050: Sains=19, Malades=77, Morts=4, Moy deplacement=0.618, Moy infection=0.156, Moy mort=0.028, Prop confinement=0.300

Heure=1200: Sains=24, Malades=71, Morts=5, Moy deplacement=0.644, Moy infection=0.120, Moy mort=0.027, Prop confinement=0.300

Heure=1350: Sains=27, Malades=68, Morts=5, Moy deplacement=0.660, Moy infection=0.106, Moy mort=0.027, Prop confinement=0.300

Heure=1500: Sains=33, Malades=61, Morts=6, Moy deplacement=0.660, Moy infection=0.088, Moy mort=0.025, Prop confinement=0.300

Heure=1650: Sains=25, Malades=68, Morts=7, Moy deplacement=0.639, Moy infection=0.089, Moy mort=0.018, Prop confinement=0.300

Heure=1800: Sains=23, Malades=69, Morts=8, Moy deplacement=0.624, Moy infection=0.086, Moy mort=0.017, Prop confinement=0.300

Heure=1950: Sains=37, Malades=55, Morts=8, Moy deplacement=0.581, Moy infection=0.064, Moy mort=0.017, Prop confinement=0.300

Heure=2100: Sains=34, Malades=58, Morts=8, Moy deplacement=0.557, Moy infection=0.062, Moy mort=0.017, Prop confinement=0.300

Heure=2250: Sains=35, Malades=57, Morts=8, Moy deplacement=0.658, Moy infection=0.058, Moy mort=0.017, Prop confinement=0.300

Heure=2400: Sains=39, Malades=53, Morts=8, Moy deplacement=0.618, Moy infection=0.051, Moy mort=0.017, Prop confinement=0.300

Heure=2550: Sains=39, Malades=53, Morts=8, Moy deplacement=0.551, Moy infection=0.048, Moy mort=0.017, Prop confinement=0.300

Heure=2700: Sains=33, Malades=59, Morts=8, Moy deplacement=0.648, Moy infection=0.050, Moy mort=0.017, Prop confinement=0.300

Heure=2850: Sains=38, Malades=53, Morts=9, Moy deplacement=0.621, Moy infection=0.045, Moy mort=0.017, Prop confinement=0.300

Heure=3000: Sains=44, Malades=46, Morts=10, Moy deplacement=0.616, Moy infection=0.038, Moy mort=0.015, Prop confinement=0.300

Heure=3150: Sains=37, Malades=52, Morts=11, Moy deplacement=0.587, Moy infection=0.042, Moy mort=0.015, Prop confinement=0.300

Heure=3300: Sains=43, Malades=46, Morts=11, Moy deplacement=0.610, Moy infection=0.035, Moy mort=0.015, Prop confinement=0.300

Heure=3450: Sains=51, Malades=37, Morts=12, Moy deplacement=0.586, Moy infection=0.028, Moy mort=0.015, Prop confinement=0.300

Heure=3600: Sains=49, Malades=39, Morts=12, Moy deplacement=0.646, Moy infection=0.028, Moy mort=0.015, Prop confinement=0.300

Heure=3750: Sains=50, Malades=38, Morts=12, Moy deplacement=0.634, Moy infection=0.027, Moy mort=0.015, Prop confinement=0.300

Heure=3900: Sains=53, Malades=34, Morts=13, Moy deplacement=0.582, Moy infection=0.024, Moy mort=0.014, Prop confinement=0.300

Heure=4050: Sains=54, Malades=32, Morts=14, Moy deplacement=0.652, Moy infection=0.022, Moy mort=0.014, Prop confinement=0.300

Heure=4200: Sains=60, Malades=26, Morts=14, Moy deplacement=0.615, Moy infection=0.018, Moy mort=0.014, Prop confinement=0.300

Heure=4350: Sains=58, Malades=28, Morts=14, Moy deplacement=0.612, Moy infection=0.019, Moy mort=0.014, Prop confinement=0.300

Heure=4500: Sains=58, Malades=27, Morts=15, Moy deplacement=0.559, Moy infection=0.018, Moy mort=0.013, Prop confinement=0.300

Heure=4650: Sains=56, Malades=29, Morts=15, Moy deplacement=0.644, Moy infection=0.020, Moy mort=0.013, Prop confinement=0.300

Heure=4800: Sains=56, Malades=29, Morts=15, Moy deplacement=0.734, Moy infection=0.020, Moy mort=0.013, Prop confinement=0.300

Heure=4950: Sains=66, Malades=19, Morts=15, Moy deplacement=0.634, Moy infection=0.012, Moy mort=0.013, Prop confinement=0.300

Heure=5100: Sains=68, Malades=15, Morts=17, Moy deplacement=0.658, Moy infection=0.010, Moy mort=0.011, Prop confinement=0.300

Heure=5250: Sains=72, Malades=11, Morts=17, Moy deplacement=0.630, Moy infection=0.008, Moy mort=0.011, Prop confinement=0.300

Heure=5400: Sains=67, Malades=16, Morts=17, Moy deplacement=0.690, Moy infection=0.010, Moy mort=0.011, Prop confinement=0.300

Heure=5550: Sains=72, Malades=11, Morts=17, Moy deplacement=0.619, Moy infection=0.007, Moy mort=0.011, Prop confinement=0.300

Heure=5700: Sains=77, Malades=6, Morts=17, Moy deplacement=0.556, Moy infection=0.004, Moy mort=0.011, Prop confinement=0.300

Simulation terminee apres 5823 heures.
Statistiques finales :
  Total infections : 738
  Max infections/heure : 3
  Min infections/heure : 0
  Moyenne infections/heure : 0.13
  Total morts : 17
  Max morts/heure : 0
  Min morts/heure : 0
  Moyenne morts/heure : 0.0029194573
