Hauteur=100.000000, Largeur=200.000000, Population=100, Prop initiale=0.100000, Periode=150

Heure=150: Sains=97, Malades=3, Morts=0, Moy deplacement=0.647, Moy infection=0.012, Moy mort=0.058, Prop confinement=0.300

Heure=300: Sains=72, Malades=28, Morts=0, Moy deplacement=0.633, Moy infection=0.112, Moy mort=0.058, Prop confinement=0.300

Heure=450: Sains=11, Malades=88, Morts=1, Moy deplacement=0.610, Moy infection=0.356, Moy mort=0.056, Prop confinement=0.300

Heure=600: Sains=2, Malades=97, Morts=1, Moy deplacement=0.613, Moy infection=0.376, Moy mort=0.056, Prop confinement=0.300

Heure=750: Sains=18, Malades=79, Morts=3, Moy deplacement=0.659, Moy infection=0.231, Moy mort=0.049, Prop confinement=0.300

Heure=900: Sains=15, Malades=80, Morts=5, Moy deplacement=0.635, Moy infection=0.173, Moy mort=0.041, Prop confinement=0.300

Heure=1050: Sains=15, Malades=79, Morts=6, Moy deplacement=0.683, Moy infection=0.162, Moy mort=0.039, Prop confinement=0.300

Heure=1200: Sains=23, Malades=67, Morts=10, Moy deplacement=0.654, Moy infection=0.118, Moy mort=0.029, Prop confinement=0.300

Heure=1350: Sains=24, Malades=64, Morts=12, Moy deplacement=0.674, Moy infection=0.100, Moy mort=0.029, Prop confinement=0.300

Heure=1500: Sains=30, Malades=58, Morts=12, Moy deplacement=0.658, Moy infection=0.083, Moy mort=0.029, Prop confinement=0.300

Heure=1650: Sains=30, Malades=57, Morts=13, Moy deplacement=0.684, Moy infection=0.075, Moy mort=0.021, Prop confinement=0.300

Heure=1800: Sains=33, Malades=52, Morts=15, Moy deplacement=0.612, Moy infection=0.065, Moy mort=0.019, Prop confinement=0.300

Heure=1950: Sains=37, Malades=47, Morts=16, Moy deplacement=0.651, Moy infection=0.056, Moy mort=0.018, Prop confinement=0.300

Heure=2100: Sains=34, Malades=50, Morts=16, Moy deplacement=0.581, Moy infection=0.057, Moy mort=0.018, Prop confinement=0.300

Heure=2250: Sains=40, Malades=44, Morts=16, Moy deplacement=0.621, Moy infection=0.049, Moy mort=0.018, Prop confinement=0.300

Heure=2400: Sains=37, Malades=47, Morts=16, Moy deplacement=0.569, Moy infection=0.047, Moy mort=0.018, Prop confinement=0.300

Heure=2550: Sains=40, Malades=43, Morts=17, Moy deplacement=0.660, Moy infection=0.043, Moy mort=0.016, Prop confinement=0.300

Heure=2700: Sains=44, Malades=39, Morts=17, Moy deplacement=0.620, Moy infection=0.037, Moy mort=0.016, Prop confinement=0.300

Heure=2850: Sains=41, Malades=41, Morts=18, Moy deplacement=0.664, Moy infection=0.037, Moy mort=0.014, Prop confinement=0.300

Heure=3000: Sains=46, Malades=36, Morts=18, Moy deplacement=0.646, Moy infection=0.032, Moy mort=0.014, Prop confinement=0.300

Heure=3150: Sains=42, Malades=40, Morts=18, Moy deplacement=0.606, Moy infection=0.033, Moy mort=0.014, Prop confinement=0.300

Heure=3300: Sains=47, Malades=35, Morts=18, Moy deplacement=0.667, Moy infection=0.029, Moy mort=0.014, Prop confinement=0.300

Heure=3450: Sains=48, Malades=34, Morts=18, Moy deplacement=0.623, Moy infection=0.027, Moy mort=0.014, Prop confinement=0.300

Heure=3600: Sains=47, Malades=35, Morts=18, Moy deplacement=0.660, Moy infection=0.027, Moy mort=0.014, Prop confinement=0.300

Heure=3750: Sains=41, Malades=41, Morts=18, Moy deplacement=0.696, Moy infection=0.031, Moy mort=0.014, Prop confinement=0.300

Heure=3900: Sains=54, Malades=28, Morts=18, Moy deplacement=0.610, Moy infection=0.021, Moy mort=0.014, Prop confinement=0.300

Heure=4050: Sains=64, Malades=17, Morts=19, Moy deplacement=0.574, Moy infection=0.013, Moy mort=0.014, Prop confinement=0.300

Heure=4200: Sains=62, Malades=18, Morts=20, Moy deplacement=0.557, Moy infection=0.013, Moy mort=0.014, Prop confinement=0.300

Heure=4350: Sains=59, Malades=21, Morts=20, Moy deplacement=0.638, Moy infection=0.015, Moy mort=0.014, Prop confinement=0.300

Heure=4500: Sains=61, Malades=19, Morts=20, Moy deplacement=0.694, Moy infection=0.013, Moy mort=0.014, Prop confinement=0.300

Heure=4650: Sains=58, Malades=22, Morts=20, Moy deplacement=0.624, Moy infection=0.015, Moy mort=0.014, Prop confinement=0.300

Heure=4800: Sains=62, Malades=18, Morts=20, Moy deplacement=0.593, Moy infection=0.012, Moy mort=0.014, Prop confinement=0.300

Heure=4950: Sains=60, Malades=20, Morts=20, Moy deplacement=0.639, Moy infection=0.014, Moy mort=0.014, Prop confinement=0.300

Heure=5100: Sains=65, Malades=15, Morts=20, Moy deplacement=0.633, Moy infection=0.010, Moy mort=0.014, Prop confinement=0.300

Heure=5250: Sains=69, Malades=11, Morts=20, Moy deplacement=0.658, Moy infection=0.007, Moy mort=0.014, Prop confinement=0.300

Heure=5400: Sains=76, Malades=4, Morts=20, Moy deplacement=0.655, Moy infection=0.003, Moy mort=0.014, Prop confinement=0.300

Heure=5550: Sains=75, Malades=5, Morts=20, Moy deplacement=0.709, Moy infection=0.003, Moy mort=0.014, Prop confinement=0.300

Heure=5700: Sains=72, Malades=8, Morts=20, Moy deplacement=0.662, Moy infection=0.005, Moy mort=0.014, Prop confinement=0.300

Heure=5850: Sains=75, Malades=5, Morts=20, Moy deplacement=0.708, Moy infection=0.003, Moy mort=0.014, Prop confinement=0.300

Heure=6000: Sains=76, Malades=4, Morts=20, Moy deplacement=0.700, Moy infection=0.002, Moy mort=0.014, Prop confinement=0.300

Heure=6150: Sains=79, Malades=1, Morts=20, Moy deplacement=0.626, Moy infection=0.001, Moy mort=0.014, Prop confinement=0.300

Simulation terminee apres 6229 heures.
Statistiques finales :
  Total infections : 634
  Max infections/heure : 3
  Min infections/heure : 0
  Moyenne infections/heure : 0.10
  Total morts : 20
  Max morts/heure : 0
  Min morts/heure : 0
  Moyenne morts/heure : 0.0032107882
